# 长期风险结构基准（2006–2026，240 个月）

【说明】  
本节提供基于 2006–2026 年月度收益率构建的长期风险结构基准，反映穿越多轮经济周期的结构性风险特征。
所有风险矩阵均已年化处理（σ×√12）。

【资产定义】
  - CASH   — 货币基金指数（CBA02201.CS）
  - BOND   — 中债新综合财富指数
  - EQUITY — 沪深300全收益指数（CSI300_TR）
  - ALT    — 合成另类资产（70% AU9999 黄金 + 30% 南华商品指数 NHCI）

## 年化波动率向量（σ）
```
asset_class,sigma_ann
CASH,0.0049
BOND,0.02
EQUITY,0.2746
ALT,0.1326
```

## 年化协方差矩阵（Σ）
```
asset,CASH,BOND,EQUITY,ALT
CASH,0.000024,0.000067,-0.000099,-0.000095
BOND,0.000067,0.000402,-0.001056,-0.000302
EQUITY,-0.000099,-0.001056,0.075407,0.007554
ALT,-0.000095,-0.000302,0.007554,0.017585
```

## 长期相关性矩阵（ρ）
```
asset,CASH,BOND,EQUITY,ALT
CASH,1.0,0.6773,-0.0734,-0.1448
BOND,0.6773,1.0,-0.1919,-0.1136
EQUITY,-0.0734,-0.1919,1.0,0.2074
ALT,-0.1448,-0.1136,0.2074,1.0
```

## 国债利率锚与期限结构（季度）
本节用于提供四大类资产分析所需的利率环境参考：
- CGB_1Y_YTM：1 年期中债国债到期收益率，是无风险利率锚
- CGB_10Y_YTM：10 年期中债国债到期收益率，用于观察长期利率环境
- term_spread = CGB_10Y_YTM − CGB_1Y_YTM：利率曲线核心信号
```csv
date,quarter_label,CGB_1Y_YTM,CGB_10Y_YTM,term_spread
2021-03-31,2021Q1,2.57,3.18,0.61
2021-06-30,2021Q2,2.42,3.07,0.64
```

## 四大类资产 Benchmark
下表为中国市场“四大类资产”的基准画像，用作资产配置与组合分析的参考坐标系。
【说明】
- 所有 Sharpe Ratio 均基于月度超额收益计算：
  超额收益 = 资产月度收益 − 同期月度无风险利率（使用 CGB_1Y_YTM）
- Sharpe 分别在 1Y / 3Y / 5Y 滚动窗口内计算
```csv
asset_class,ann_return_1y,ann_return_3y,ann_return_5y,ann_vol_1y,ann_vol_3y,ann_vol_5y,sharpe_ratio_1y,sharpe_ratio_3y,sharpe_ratio_5y
CASH,0.0123,0.0157,0.0172,0.0004,0.0009,0.0010,-3.0085,1.9906,3.3071
BOND,0.0012,0.0186,0.0174,0.0248,0.0174,0.0162,-1.6370,0.2384,0.1466
EQUITY,0.1528,0.0684,-0.0029,0.1269,0.1790,0.1804,1.0008,0.2864,-0.1545
ALT,-0.0123,-0.0473,0.0117,0.0527,0.0721,0.1242,-0.1442,-0.7619,-0.0497
```