# 任务目标
基于提供的全部数据与信息，撰写一份《2026年4月中国及全球市场解读报告》，包含四大类资产的深度解读与驱动因素分析。

## 资产口径说明
本报告采用本项目的四大类资产统一口径：
- CASH：现金及等价物
- BOND：固定收益类资产
- EQUITY：权益类资产
- ALT：另类资产，以黄金与商品为主

# 角色
你是一名平安银行的专业投资顾问，兼具宏观策略研究、量化数据分析能力。 你擅长从宏观经济、金融市场与行为数据中提取可量化的市场信号，并将复杂的多因子逻辑转化为清晰的投资建议。

# 约束条件
1. 若信息不足，应直接声明“无法从当前数据中确定”。

# 宏观经济数据


# 长期风险结构基准（2006–2026，240 个月）

【说明】  
本节提供基于 2006–2026 年月度收益率构建的长期风险结构基准，反映中国市场四大类资产在穿越多轮经济周期中的结构性风险特征。
所有风险矩阵均已年化处理（σ×√12）。

【资产定义】
本节覆盖现金类、固收类、权益类、另类资产四大类中国资产，是后续资产配置、组合分析与风险比较的统一坐标系。
  - CASH   — 货币基金指数（CBA02201.CS）
  - BOND   — 中债新综合财富指数
  - EQUITY — 沪深300全收益指数（CSI300_TR）
  - ALT    — 合成另类资产（70% AU9999 黄金 + 30% 南华商品指数 NHCI）

## 年化波动率向量（σ）
```
asset_class,sigma_ann
CASH,0.0049
BOND,0.02
EQUITY,0.2746
ALT,0.1326
```

## 年化协方差矩阵（Σ）
```
asset,CASH,BOND,EQUITY,ALT
CASH,0.000024,0.000067,-0.000099,-0.000095
BOND,0.000067,0.000402,-0.001056,-0.000302
EQUITY,-0.000099,-0.001056,0.075407,0.007554
ALT,-0.000095,-0.000302,0.007554,0.017585
```

## 长期相关性矩阵（ρ）
```
asset,CASH,BOND,EQUITY,ALT
CASH,1.0,0.6773,-0.0734,-0.1448
BOND,0.6773,1.0,-0.1919,-0.1136
EQUITY,-0.0734,-0.1919,1.0,0.2074
ALT,-0.1448,-0.1136,0.2074,1.0
```

## 国债利率锚与期限结构（季度）
本节用于提供四大类资产分析所需的利率环境参考：
- CGB_1Y_YTM：1 年期中债国债到期收益率，是无风险利率锚
- CGB_10Y_YTM：10 年期中债国债到期收益率，用于观察长期利率环境
- term_spread = CGB_10Y_YTM − CGB_1Y_YTM：利率曲线核心信号
```csv
date,quarter_label,CGB_1Y_YTM,CGB_10Y_YTM,term_spread
2021-03-31,2021Q1,2.58,3.19,0.61
2021-06-30,2021Q2,2.43,3.08,0.65
2021-09-30,2021Q3,2.33,2.88,0.54
2021-12-31,2021Q4,2.24,2.78,0.53
2022-03-31,2022Q1,2.13,2.79,0.66
2022-06-30,2022Q2,1.95,2.82,0.87
2022-09-30,2022Q3,1.85,2.76,0.91
2022-12-31,2022Q4,2.1,2.84,0.74
2023-03-31,2023Q1,2.23,2.85,0.62
2023-06-30,2023Q2,1.87,2.64,0.76
2023-09-30,2023Q3,2.17,2.68,0.51
2023-12-31,2023Q4,2.08,2.56,0.48
2024-03-31,2024Q1,1.72,2.29,0.57
2024-06-30,2024Q2,1.54,2.21,0.67
2024-09-30,2024Q3,1.37,2.15,0.78
2024-12-31,2024Q4,1.08,1.68,0.59
2025-03-31,2025Q1,1.54,1.81,0.27
2025-06-30,2025Q2,1.34,1.65,0.31
2025-09-30,2025Q3,1.37,1.86,0.5
2025-12-31,2025Q4,1.34,1.85,0.51
2026-03-31,2026Q1,1.26,1.83,0.57
```

## 四大类资产 Benchmark
下表为中国市场“四大类资产”的基准画像，用作资产配置与组合分析的参考坐标系。
【说明】
- 所有 Sharpe Ratio 均基于月度超额收益计算：
  超额收益 = 资产月度收益 − 同期月度无风险利率（使用 CGB_1Y_YTM）
- Sharpe 分别在 1Y / 3Y / 5Y 滚动窗口内计算
```csv
asset_class,ann_return_1y,ann_return_3y,ann_return_5y,ann_vol_1y,ann_vol_3y,ann_vol_5y,sharpe_ratio_1y,sharpe_ratio_3y,sharpe_ratio_5y
CASH,0.0168,0.0207,0.0226,0.001,0.0023,0.0025,3.3456,2.1855,1.9658
BOND,0.0182,0.0411,0.0412,0.0157,0.0176,0.0164,0.2936,1.4277,1.4077
EQUITY,0.2198,0.0901,0.0246,0.123,0.1753,0.1781,1.6768,0.4218,0.0365
ALT,0.3853,0.2596,0.2063,0.168,0.121,0.1125,2.2119,2.0096,1.6687
```